fliplr: 0.01667255759803804
hsv_h: 0.011405330530377534
hsv_s: 0.9463885100768857
hsv_v: 0.4270105691434003
lr0: 0.06659247734875808
mixup: 0.3899918552917764
momentum: 0.7942227266474716
mosaic: 0.6320926053566152
shear: 0.37912184067415144
translate: 0.05007127632725275
weight_decay: 0.004418439815011564
