fliplr: 0.333531443624219
hsv_h: 0.03234048558652525
hsv_s: 0.5209106238368573
hsv_v: 0.5806064113318283
lr0: 0.012206857255596018
mixup: 0.055993553020083076
momentum: 0.9406589735310404
mosaic: 0.7724714127761845
shear: 0.3471662587789368
translate: 0.026595217915804395
weight_decay: 6.795431495220002e-05
